CPU decode attention profile | 时间单位全部为 ms
task = 一个 (batch, KV head, block)；tasks = 该线程实际完成的 task 次数。
total_ms = 累计耗时；avg_ms/task = 累计耗时 / 该线程 tasks。无 task 显示 N/A。
汇总 avg_ms/task = 全线程累计耗时 / 全线程 tasks；max_avg = 各线程平均值的最大值。
qk: QK GEMM。softmax: 缩放、稳定 softmax、LSE 和尾块清零。
convert: 概率矩阵 FP32 转 FP16。pv: PV GEMM。
merge: 线程本地输出/LSE 合并，或切换 head 后复制新结果。
sync: 输出写回前获取 mutex 的等待时间，包含 lock 调用开销。
writeback: 获得 mutex 后的全局输出/LSE 合并与写回，包含解锁。
flushes: 实际加锁写回次数；sync/writeback 包含线程结束时的最后一次写回，仍除以 tasks。
other: task 与最后一次 flush 的剩余时间，含任务索引、检查和部分计时开销。
gap: init 完成到首 task、相邻 task 间、末 task 到 finalize 的间隙；包含取任务和调度延迟。
share_pct: 阶段累计耗时 / 所有阶段累计耗时；并行线程时间之和不是 attention 延迟。
wall/init/pool/output: 每次 attention 的墙钟平均值，分母为 calls，与每 task 平均值分开。
wall: 初始化到 FP16 输出完成；init: 清空输出和任务前缀；pool: 派发到所有线程结束；
output: 工作完成检查、输出 FP16 转换和 LSE 复制。wall 不含输入验证、Python 和文件写入。
使用 steady_clock；预热不计入。计时会扰动执行；各阶段包含线程被系统抢占的时间。

B=64  Seq=4096  Block=128  Threads=32  Hq=32  Hkv=4  D=128
calls=600  tasks=4915200  flushes=4171448
wall_avg_ms=10.656133  init_avg_ms=0.061272  pool_avg_ms=10.417176  output_avg_ms=0.177537

stage            total_ms    avg_ms/task        max_avg   share_pct
qk           65205.080150       0.013266       0.014731       32.69
softmax       5553.729481       0.001130       0.001666        2.78
convert       2289.639059       0.000466       0.000879        1.15
pv           53641.984688       0.010913       0.013010       26.90
merge         2335.468955       0.000475       0.002670        1.17
sync         47592.208081       0.009683       0.011432       23.86
writeback    19214.525042       0.003909       0.005072        9.63
other         2667.895333       0.000543       0.000784        1.34
gap            940.829450       0.000191       0.000212        0.47

每线程 total_ms
thread      tasks    flushes           qk      softmax      convert           pv        merge         sync    writeback        other          gap
     0     123600     118136  1820.690467   205.933899   108.693444  1608.052671   330.003554  1412.960833   626.943027    96.859944    25.533715
     1     150249     129371  1988.319153   186.221072    68.453648  1615.635914   215.027880  1469.348725   589.076349    74.180599    28.583497
     2     153221     130360  1971.613935   155.380084    66.033193  1657.812387   218.002817  1462.263311   594.767560    75.047538    32.519060
     3     160209     132253  1913.828825   164.214019    67.683947  1667.734012   224.154327  1491.738229   595.144210    78.463799    30.132234
     4     158909     132404  2060.054823   168.768220    68.844768  1676.817715    56.381236  1477.780032   605.151386    89.367434    29.869419
     5     159044     132323  2060.829513   166.659047    68.602980  1678.725781    54.007044  1478.191182   605.802932    89.292149    30.227486
     6     157947     131969  2056.120756   168.601472    68.681103  1668.232584    53.925967  1494.595083   604.542753    89.178001    29.475464
     7     158827     132380  2057.918598   166.451469    70.959701  1679.726501    53.836889  1479.748162   604.862455    89.453890    29.790760
     8     155889     131168  2050.945374   202.412875    71.628991  1642.690105    53.125285  1500.976833   593.070145    87.608072    29.380485
     9     156270     131266  2056.081057   165.594069    68.683758  1677.302418    52.729723  1500.004798   594.794931    87.723255    29.677792
    10     155320     130938  2049.574305   166.211518    69.208671  1673.943074    53.250542  1509.757474   593.573455    87.616257    29.533393
    11     155563     131161  2061.606096   164.758839    68.535095  1682.120925    52.444609  1491.632314   593.424520    88.054102    29.792847
    12     154916     130852  2058.023755   169.818357    68.404756  1678.994689    50.962817  1496.876662   594.503668    85.654981    29.296182
    13     155350     130776  2043.256551   164.072336    68.913854  1694.191032    51.654350  1501.864599   592.587169    86.885570    29.399132
    14     157160     131720  2064.594355   166.272210    68.918807  1663.829463    51.831588  1502.642809   597.525143    87.064935    29.567218
    15     154398     130541  2029.265027   163.884095    70.883784  1685.466534    52.438890  1518.665009   596.743294    86.155447    29.564006
    16     151223     129375  2050.392884   215.965973    71.919095  1654.967497    47.901502  1491.467134   585.800281    85.503566    28.441168
    17     154636     130833  2047.585350   165.200420    68.499843  1699.851235    49.871814  1486.752959   598.083801    87.040947    29.181906
    18     162527     133021  1987.166212   173.971871    69.700969  1730.493793    57.091898  1492.135622   600.338834    91.031741    30.263258
    19     154598     130946  2059.409593   170.325717    68.509914  1691.918114    50.059190  1479.742363   596.218172    87.336737    29.134342
    20     155731     131120  2070.461840   164.370204    68.425015  1663.384107    48.624754  1502.980691   599.005917    86.062963    29.395616
    21     153606     130771  2081.866138   164.154486    68.324928  1655.880074    47.204885  1500.203712   600.293885    85.020842    29.118678
    22     155174     130887  2057.141006   164.603562    68.531297  1692.854043    48.123553  1489.021537   596.046657    86.159288    29.109632
    23     152839     129938  2041.534788   168.209853    73.265794  1680.217255    48.340369  1512.403695   593.750401    84.676193    29.263488
    24     151057     129814  2059.780591   206.081855    72.514101  1654.529311    49.388805  1474.915205   602.300626    83.790566    28.860691
    25     153771     130580  2073.121683   163.611952    67.987270  1701.506053    48.128939  1468.738968   594.310743    84.656261    29.534957
    26     153616     130559  2071.364704   166.987401    67.748912  1672.613874    50.173122  1492.931483   595.239301    85.111935    29.298342
    27     152910     130250  2078.401472   163.398781    67.685017  1700.668354    48.427755  1464.342165   594.311828    84.471514    29.822552
    28     154654     131115  2087.556803   165.307502    67.848431  1706.938418    29.106058  1476.273452   603.459579    65.529971    29.786312
    29     139590     125426  1986.960549   210.597348    97.446049  1699.517408    29.632489  1464.551484   652.772169    63.802737    28.200035
    30     149412     129055  2048.383203   183.219569    80.110214  1690.742061    29.339401  1482.124148   623.680409    64.821517    29.226520
    31     152984     130140  2061.230746   162.469404    67.991714  1694.627285    30.276901  1524.577407   596.399444    64.272584    29.849267

每线程 avg_ms/task
thread      tasks    flushes           qk      softmax      convert           pv        merge         sync    writeback        other          gap
     0     123600     118136     0.014731     0.001666     0.000879     0.013010     0.002670     0.011432     0.005072     0.000784     0.000207
     1     150249     129371     0.013233     0.001239     0.000456     0.010753     0.001431     0.009779     0.003921     0.000494     0.000190
     2     153221     130360     0.012868     0.001014     0.000431     0.010820     0.001423     0.009543     0.003882     0.000490     0.000212
     3     160209     132253     0.011946     0.001025     0.000422     0.010410     0.001399     0.009311     0.003715     0.000490     0.000188
     4     158909     132404     0.012964     0.001062     0.000433     0.010552     0.000355     0.009300     0.003808     0.000562     0.000188
     5     159044     132323     0.012958     0.001048     0.000431     0.010555     0.000340     0.009294     0.003809     0.000561     0.000190
     6     157947     131969     0.013018     0.001067     0.000435     0.010562     0.000341     0.009463     0.003828     0.000565     0.000187
     7     158827     132380     0.012957     0.001048     0.000447     0.010576     0.000339     0.009317     0.003808     0.000563     0.000188
     8     155889     131168     0.013156     0.001298     0.000459     0.010538     0.000341     0.009628     0.003804     0.000562     0.000188
     9     156270     131266     0.013157     0.001060     0.000440     0.010733     0.000337     0.009599     0.003806     0.000561     0.000190
    10     155320     130938     0.013196     0.001070     0.000446     0.010777     0.000343     0.009720     0.003822     0.000564     0.000190
    11     155563     131161     0.013253     0.001059     0.000441     0.010813     0.000337     0.009589     0.003815     0.000566     0.000192
    12     154916     130852     0.013285     0.001096     0.000442     0.010838     0.000329     0.009663     0.003838     0.000553     0.000189
    13     155350     130776     0.013153     0.001056     0.000444     0.010906     0.000333     0.009668     0.003815     0.000559     0.000189
    14     157160     131720     0.013137     0.001058     0.000439     0.010587     0.000330     0.009561     0.003802     0.000554     0.000188
    15     154398     130541     0.013143     0.001061     0.000459     0.010916     0.000340     0.009836     0.003865     0.000558     0.000191
    16     151223     129375     0.013559     0.001428     0.000476     0.010944     0.000317     0.009863     0.003874     0.000565     0.000188
    17     154636     130833     0.013241     0.001068     0.000443     0.010993     0.000323     0.009615     0.003868     0.000563     0.000189
    18     162527     133021     0.012227     0.001070     0.000429     0.010647     0.000351     0.009181     0.003694     0.000560     0.000186
    19     154598     130946     0.013321     0.001102     0.000443     0.010944     0.000324     0.009572     0.003857     0.000565     0.000188
    20     155731     131120     0.013295     0.001055     0.000439     0.010681     0.000312     0.009651     0.003846     0.000553     0.000189
    21     153606     130771     0.013553     0.001069     0.000445     0.010780     0.000307     0.009767     0.003908     0.000553     0.000190
    22     155174     130887     0.013257     0.001061     0.000442     0.010909     0.000310     0.009596     0.003841     0.000555     0.000188
    23     152839     129938     0.013357     0.001101     0.000479     0.010993     0.000316     0.009895     0.003885     0.000554     0.000191
    24     151057     129814     0.013636     0.001364     0.000480     0.010953     0.000327     0.009764     0.003987     0.000555     0.000191
    25     153771     130580     0.013482     0.001064     0.000442     0.011065     0.000313     0.009551     0.003865     0.000551     0.000192
    26     153616     130559     0.013484     0.001087     0.000441     0.010888     0.000327     0.009719     0.003875     0.000554     0.000191
    27     152910     130250     0.013592     0.001069     0.000443     0.011122     0.000317     0.009576     0.003887     0.000552     0.000195
    28     154654     131115     0.013498     0.001069     0.000439     0.011037     0.000188     0.009546     0.003902     0.000424     0.000193
    29     139590     125426     0.014234     0.001509     0.000698     0.012175     0.000212     0.010492     0.004676     0.000457     0.000202
    30     149412     129055     0.013710     0.001226     0.000536     0.011316     0.000196     0.009920     0.004174     0.000434     0.000196
    31     152984     130140     0.013474     0.001062     0.000444     0.011077     0.000198     0.009966     0.003898     0.000420     0.000195

--------------------------------------------------------------------------

B=64  Seq=4096  Block=128  Threads=64  Hq=32  Hkv=4  D=128
calls=600  tasks=4915200  flushes=4881816
wall_avg_ms=11.178301  init_avg_ms=0.087294  pool_avg_ms=10.828051  output_avg_ms=0.262813

stage            total_ms    avg_ms/task        max_avg   share_pct
qk          113606.883469       0.023113       0.027408       27.58
softmax       6877.822043       0.001399       0.002352        1.67
convert       3241.918257       0.000660       0.001224        0.79
pv          111473.959064       0.022679       0.027715       27.07
merge         5939.615936       0.001208       0.002794        1.44
sync        136796.244045       0.027831       0.030587       33.21
writeback    29094.747293       0.005919       0.007818        7.06
other         3268.767351       0.000665       0.001234        0.79
gap           1563.338232       0.000318       0.000510        0.38

每线程 total_ms
thread      tasks    flushes           qk      softmax      convert           pv        merge         sync    writeback        other          gap
     0      63468      63413  1734.943983   149.300767    77.665066  1759.017845   177.357598  1941.282949   491.952910    78.329105    25.324530
     1      76373      75947  1776.619830   137.887656    50.520770  1707.195798   117.746065  2130.331034   444.424102    44.809566    26.107059
     2      78420      77767  1756.872807    98.904604    49.542034  1737.073514   120.472155  2144.453966   455.512420    45.793450    27.021151
     3      79679      78927  1784.278899   100.967645    50.433036  1767.111335    36.284477  2126.385303   500.430611    46.896090    28.983445
     4      78416      77786  1763.985119    99.170810    49.544500  1745.023505   120.563439  2129.681526   455.637922    45.817422    26.336377
     5      78157      77555  1764.087150    98.734797    49.395338  1742.505901   120.388315  2133.975680   453.914333    45.880173    26.446728
     6      77790      77234  1751.469191    98.453604    49.212880  1730.367587   133.774479  2129.582783   454.455985    62.514477    25.838576
     7      77109      76641  1740.990326    97.578391    54.934946  1746.480201   132.607221  2127.698616   451.538481    62.266900    21.813915
     8      74584      74161  1795.216965   128.375466    49.129879  1711.860694   119.510434  2125.591030   432.885723    51.195421    20.961750
     9      75895      75418  1774.800313    96.075676    47.898678  1749.222442   121.018885  2121.020041   447.563933    52.257490    26.221995
    10      75451      74976  1765.294921   105.165346    47.599385  1739.102358   122.727833  2133.625849   444.888387    51.259184    25.797745
    11      75563      75106  1777.715934   106.481465    47.982510  1732.587120   128.084036  2124.218189   444.262865    51.410482    23.136156
    12      75989      75452  1783.295466   103.861498    48.066716  1734.957283   123.609350  2121.617972   449.190063    52.224421    24.607416
    13      74877      74477  1768.522646   103.366321    47.225761  1743.464094   125.145517  2129.888487   443.781898    51.288690    22.684132
    14      75349      74938  1772.645181   105.104493    48.126780  1726.867904   132.593957  2114.930194   447.090710    63.874598    23.822999
    15      74554      74159  1763.547087   105.263520    51.510625  1740.860130   133.212644  2109.019224   446.706171    63.219680    22.749293
    16      76953      76412  1753.349644   127.957583    49.838964  1703.021336   126.627421  2168.558795   442.289495    46.698047    24.337600
    17      78574      77982  1751.590746   102.913000    49.816263  1734.010249   123.594445  2148.027089   452.353429    47.664465    25.017772
    18      77667      77181  1741.569688   101.191872    49.486228  1737.158276   121.981453  2163.273395   448.555114    47.079862    24.508597
    19      77948      77472  1749.138095   101.476191    49.489644  1736.609601   122.460641  2149.016135   452.876231    47.538930    24.745932
    20      78953      78347  1759.308580   102.238235    50.119493  1732.244959   124.074219  2139.717941   453.726889    47.780951    25.334176
    21      78394      77863  1752.336532   102.031039    49.765570  1730.623720   123.522155  2148.067921   453.647056    48.162726    25.322202
    22      77372      76949  1741.287749   100.653252    49.130988  1732.967394   128.790439  2155.933991   447.907550    59.817802    24.728763
    23      76423      76045  1722.721874   108.291904    55.236688  1728.081872   137.252533  2155.580640   448.226103    58.573034    26.699084
    24      75991      75649  1769.815656   150.148541    50.329110  1690.400261   132.467186  2135.983109   440.787268    45.999557    25.589978
    25      77706      77169  1746.777364   114.870954    48.915164  1715.059347   125.926103  2151.714890   455.210093    47.148952    30.232593
    26      77483      77000  1742.116036   116.718122    49.311392  1723.999022   128.102074  2147.293653   451.439736    46.715642    28.653576
    27      77685      77182  1747.702515   114.176085    49.373127  1721.424663   126.380010  2139.668277   458.291605    47.755984    30.500375
    28      77378      76913  1751.951632   117.454084    49.110954  1730.746565   128.902243  2127.860399   452.823503    47.422213    28.447876
    29      77996      77493  1756.547539   110.075644    49.630169  1729.118140   125.982423  2134.264860   455.625097    47.421968    25.832838
    30      78088      77607  1754.946758   101.890244    49.720537  1724.975597   128.534317  2143.268245   453.422494    58.597093    25.718364
    31      76706      76302  1743.525663   100.899239    54.802099  1738.229802   126.139758  2136.241890   450.639577    58.403118    25.250422
    32      74281      73924  1801.097240   132.838498    48.251324  1723.013270   115.059128  2106.900403   440.302758    46.938453    20.753137
    33      76259      75769  1774.899426    97.866090    48.112051  1733.240445   119.258320  2139.775545   452.110646    47.472529    21.662267
    34      75253      74846  1769.627971    97.301835    47.637149  1740.459564   117.709804  2149.507697   443.876551    46.665915    21.374782
    35      75711      75301  1769.077502    97.946798    47.976216  1739.594759   118.193617  2141.024863   450.431138    47.152888    21.675101
    36      75423      74978  1772.664356    97.551864    47.530308  1744.001748   117.253019  2144.742470   442.373135    47.154982    21.523595
    37      77357      76716  1806.370819   100.285413    48.612212  1697.571101   120.986491  2133.749127   457.076367    47.872401    22.396742
    38      64392      64306  1764.838896   137.690105    67.176467  1748.635851   176.694679  1936.298344   503.403665    73.720553    27.238374
    39      74519      74144  1751.653864    96.529129    54.974642  1759.099308   122.176465  2125.353983   442.835345    57.532976    23.221541
    40      74379      74110  1793.506791   144.529183    49.509814  1700.383240   123.585639  2115.764047   441.521849    44.490444    20.740998
    41      74994      74673  1765.584355   105.382405    47.422921  1744.709514   119.195063  2145.851709   447.676135    44.665423    20.320231
    42      77467      76882  1812.462248    98.363403    49.117367  1766.036501    15.508460  2162.564465   460.713543    46.402530    21.813449
    43      77202      76650  1804.800251    97.839834    48.995227  1779.221581    14.703056  2165.290606   455.914768    45.731794    22.008200
    44      77556      76960  1814.003107    98.391998    49.236200  1775.230197    15.622207  2149.178855   462.546559    45.922868    21.960612
    45      77366      76823  1810.976971    98.592631    49.064527  1787.220737    15.316434  2143.744369   460.206478    45.922010    22.351070
    46      77674      77050  1815.911046    98.577997    49.292057  1766.961329    22.298547  2140.202748   462.856322    56.434970    22.015800
    47      76087      75604  1787.114007    96.747214    53.857972  1784.517755    21.971206  2160.864920   451.761810    54.957848    21.683306
    48      77643      77012  1810.424146   131.071271    50.850437  1728.255721    17.607807  2167.014304   456.687028    48.229616    22.387321
    49      79107      78361  1800.696314   101.540387    50.357397  1775.662151    16.538916  2151.572403   463.300359    49.505031    22.792028
    50      78953      78205  1799.462174    99.505219    49.819213  1770.197264    16.601128  2175.342181   456.306224    49.011689    23.404410
    51      78130      77545  1776.051491    98.943866    49.489676  1710.119123   121.266247  2153.034330   453.939637    48.543535    22.628175
    52      76715      76292  1760.295527    99.204212    49.556749  1715.437951   122.068342  2155.368549   460.523869    48.471959    22.350750
    53      77558      76976  1780.349812   101.892493    50.258514  1691.117333   127.426230  2145.081240   465.074486    48.929539    23.046055
    54      78144      77504  1788.561377    99.231334    49.608655  1775.715586    21.500902  2175.470482   457.324857    58.350168    22.598322
    55      78402      77682  1789.772507    99.901907    58.480802  1772.122745    21.580009  2152.043379   457.740591    58.430434    22.714073
    56      77416      76850  1813.730462   138.710338    51.743464  1721.780378    15.424762  2175.739305   446.480073    46.619215    22.049261
    57      80183      79322  1812.649789   102.059494    51.017221  1763.438808    15.647988  2153.801082   464.356630    47.537335    22.879650
    58      78875      78203  1795.944937   100.601885    50.250036  1782.024765    15.328319  2159.515623   458.881482    47.193013    22.219363
    59      79460      78714  1809.468778   100.735003    50.444680  1771.871469    15.038925  2156.476271   457.951361    47.342206    22.892849
    60      79081      78413  1796.685459   100.254077    50.217362  1780.025650    15.393862  2157.656398   461.585541    47.639169    22.677913
    61      79199      78459  1808.838546   100.453315    50.254148  1769.226592    14.732697  2158.592762   459.155897    47.026605    22.861338
    62      78465      77771  1790.475272    99.489283    49.932286  1773.480311    15.896740  2157.793443   459.376850    51.375414    34.048109
    63      78958      78248  1799.916141   100.115513    50.005867  1761.217799    16.197106  2153.154068   458.397585    53.706345    40.275996

每线程 avg_ms/task
thread      tasks    flushes           qk      softmax      convert           pv        merge         sync    writeback        other          gap
     0      63468      63413     0.027336     0.002352     0.001224     0.027715     0.002794     0.030587     0.007751     0.001234     0.000399
     1      76373      75947     0.023262     0.001805     0.000662     0.022353     0.001542     0.027894     0.005819     0.000587     0.000342
     2      78420      77767     0.022403     0.001261     0.000632     0.022151     0.001536     0.027346     0.005809     0.000584     0.000345
     3      79679      78927     0.022393     0.001267     0.000633     0.022178     0.000455     0.026687     0.006281     0.000589     0.000364
     4      78416      77786     0.022495     0.001265     0.000632     0.022253     0.001537     0.027159     0.005811     0.000584     0.000336
     5      78157      77555     0.022571     0.001263     0.000632     0.022295     0.001540     0.027304     0.005808     0.000587     0.000338
     6      77790      77234     0.022515     0.001266     0.000633     0.022244     0.001720     0.027376     0.005842     0.000804     0.000332
     7      77109      76641     0.022578     0.001265     0.000712     0.022649     0.001720     0.027593     0.005856     0.000808     0.000283
     8      74584      74161     0.024070     0.001721     0.000659     0.022952     0.001602     0.028499     0.005804     0.000686     0.000281
     9      75895      75418     0.023385     0.001266     0.000631     0.023048     0.001595     0.027947     0.005897     0.000689     0.000346
    10      75451      74976     0.023397     0.001394     0.000631     0.023049     0.001627     0.028278     0.005896     0.000679     0.000342
    11      75563      75106     0.023526     0.001409     0.000635     0.022929     0.001695     0.028112     0.005879     0.000680     0.000306
    12      75989      75452     0.023468     0.001367     0.000633     0.022832     0.001627     0.027920     0.005911     0.000687     0.000324
    13      74877      74477     0.023619     0.001380     0.000631     0.023284     0.001671     0.028445     0.005927     0.000685     0.000303
    14      75349      74938     0.023526     0.001395     0.000639     0.022918     0.001760     0.028068     0.005934     0.000848     0.000316
    15      74554      74159     0.023655     0.001412     0.000691     0.023350     0.001787     0.028288     0.005992     0.000848     0.000305
    16      76953      76412     0.022785     0.001663     0.000648     0.022131     0.001646     0.028180     0.005748     0.000607     0.000316
    17      78574      77982     0.022292     0.001310     0.000634     0.022068     0.001573     0.027338     0.005757     0.000607     0.000318
    18      77667      77181     0.022424     0.001303     0.000637     0.022367     0.001571     0.027853     0.005775     0.000606     0.000316
    19      77948      77472     0.022440     0.001302     0.000635     0.022279     0.001571     0.027570     0.005810     0.000610     0.000317
    20      78953      78347     0.022283     0.001295     0.000635     0.021940     0.001571     0.027101     0.005747     0.000605     0.000321
    21      78394      77863     0.022353     0.001302     0.000635     0.022076     0.001576     0.027401     0.005787     0.000614     0.000323
    22      77372      76949     0.022505     0.001301     0.000635     0.022398     0.001665     0.027865     0.005789     0.000773     0.000320
    23      76423      76045     0.022542     0.001417     0.000723     0.022612     0.001796     0.028206     0.005865     0.000766     0.000349
    24      75991      75649     0.023290     0.001976     0.000662     0.022245     0.001743     0.028108     0.005801     0.000605     0.000337
    25      77706      77169     0.022479     0.001478     0.000629     0.022071     0.001621     0.027690     0.005858     0.000607     0.000389
    26      77483      77000     0.022484     0.001506     0.000636     0.022250     0.001653     0.027713     0.005826     0.000603     0.000370
    27      77685      77182     0.022497     0.001470     0.000636     0.022159     0.001627     0.027543     0.005899     0.000615     0.000393
    28      77378      76913     0.022641     0.001518     0.000635     0.022367     0.001666     0.027500     0.005852     0.000613     0.000368
    29      77996      77493     0.022521     0.001411     0.000636     0.022169     0.001615     0.027364     0.005842     0.000608     0.000331
    30      78088      77607     0.022474     0.001305     0.000637     0.022090     0.001646     0.027447     0.005807     0.000750     0.000329
    31      76706      76302     0.022730     0.001315     0.000714     0.022661     0.001644     0.027850     0.005875     0.000761     0.000329
    32      74281      73924     0.024247     0.001788     0.000650     0.023196     0.001549     0.028364     0.005928     0.000632     0.000279
    33      76259      75769     0.023275     0.001283     0.000631     0.022728     0.001564     0.028059     0.005929     0.000623     0.000284
    34      75253      74846     0.023516     0.001293     0.000633     0.023128     0.001564     0.028564     0.005898     0.000620     0.000284
    35      75711      75301     0.023366     0.001294     0.000634     0.022977     0.001561     0.028279     0.005949     0.000623     0.000286
    36      75423      74978     0.023503     0.001293     0.000630     0.023123     0.001555     0.028436     0.005865     0.000625     0.000285
    37      77357      76716     0.023351     0.001296     0.000628     0.021945     0.001564     0.027583     0.005909     0.000619     0.000290
    38      64392      64306     0.027408     0.002138     0.001043     0.027156     0.002744     0.030070     0.007818     0.001145     0.000423
    39      74519      74144     0.023506     0.001295     0.000738     0.023606     0.001640     0.028521     0.005943     0.000772     0.000312
    40      74379      74110     0.024113     0.001943     0.000666     0.022861     0.001662     0.028446     0.005936     0.000598     0.000279
    41      74994      74673     0.023543     0.001405     0.000632     0.023265     0.001589     0.028614     0.005969     0.000596     0.000271
    42      77467      76882     0.023397     0.001270     0.000634     0.022797     0.000200     0.027916     0.005947     0.000599     0.000282
    43      77202      76650     0.023378     0.001267     0.000635     0.023046     0.000190     0.028047     0.005905     0.000592     0.000285
    44      77556      76960     0.023390     0.001269     0.000635     0.022890     0.000201     0.027711     0.005964     0.000592     0.000283
    45      77366      76823     0.023408     0.001274     0.000634     0.023101     0.000198     0.027709     0.005948     0.000594     0.000289
    46      77674      77050     0.023379     0.001269     0.000635     0.022748     0.000287     0.027554     0.005959     0.000727     0.000283
    47      76087      75604     0.023488     0.001272     0.000708     0.023454     0.000289     0.028400     0.005937     0.000722     0.000285
    48      77643      77012     0.023317     0.001688     0.000655     0.022259     0.000227     0.027910     0.005882     0.000621     0.000288
    49      79107      78361     0.022763     0.001284     0.000637     0.022446     0.000209     0.027198     0.005857     0.000626     0.000288
    50      78953      78205     0.022792     0.001260     0.000631     0.022421     0.000210     0.027552     0.005779     0.000621     0.000296
    51      78130      77545     0.022732     0.001266     0.000633     0.021888     0.001552     0.027557     0.005810     0.000621     0.000290
    52      76715      76292     0.022946     0.001293     0.000646     0.022361     0.001591     0.028096     0.006003     0.000632     0.000291
    53      77558      76976     0.022955     0.001314     0.000648     0.021805     0.001643     0.027658     0.005996     0.000631     0.000297
    54      78144      77504     0.022888     0.001270     0.000635     0.022724     0.000275     0.027839     0.005852     0.000747     0.000289
    55      78402      77682     0.022828     0.001274     0.000746     0.022603     0.000275     0.027449     0.005838     0.000745     0.000290
    56      77416      76850     0.023428     0.001792     0.000668     0.022241     0.000199     0.028105     0.005767     0.000602     0.000285
    57      80183      79322     0.022606     0.001273     0.000636     0.021993     0.000195     0.026861     0.005791     0.000593     0.000285
    58      78875      78203     0.022770     0.001275     0.000637     0.022593     0.000194     0.027379     0.005818     0.000598     0.000282
    59      79460      78714     0.022772     0.001268     0.000635     0.022299     0.000189     0.027139     0.005763     0.000596     0.000288
    60      79081      78413     0.022720     0.001268     0.000635     0.022509     0.000195     0.027284     0.005837     0.000602     0.000287
    61      79199      78459     0.022839     0.001268     0.000635     0.022339     0.000186     0.027255     0.005797     0.000594     0.000289
    62      78465      77771     0.022819     0.001268     0.000636     0.022602     0.000203     0.027500     0.005855     0.000655     0.000434
    63      78958      78248     0.022796     0.001268     0.000633     0.022306     0.000205     0.027270     0.005806     0.000680     0.000510

--------------------------------------------------------------------------

