32线程:
 Batch    Seq   Hq  Block Threads     CPU ms     GPU ms   CPU/GPU   Checks
    16   1024   32    128      32     0.4335     0.0594      7.30     PASS
    16   2048   32    128      32     0.7393     0.0666     11.11     PASS
    16   3072   32    128      32     1.3891     0.1392      9.98     PASS
    32   1024   32    128      32     0.8448     0.0725     11.65     PASS
    32   2048   32    128      32     2.2025     0.1833     12.02     PASS
    32   3072   32    128      32     3.3486     0.2499     13.40     PASS


64线程:
 Batch    Seq   Hq  Block Threads     CPU ms     GPU ms   CPU/GPU   Checks
    16   1024   32    128      64     0.3203     0.0582      5.51     PASS
    16   2048   32    128      64     0.5182     0.0737      7.03     PASS
    16   3072   32    128      64     1.0048     0.1444      6.96     PASS
    32   1024   32    128      64     0.6216     0.0727      8.55     PASS
    32   2048   32    128      64     2.0977     0.1782     11.77     PASS
    32   3072   32    128      64     3.3226     0.2580     12.88     PASS