32线程:
 Batch    Seq   Hq  Block Threads     CPU ms     GPU ms   CPU/GPU   Checks
    16   1024   32    128      32     0.3961     0.0604      6.56     PASS
    16   2048   32    128      32     0.8287     0.0736     11.26     PASS
    16   3072   32    128      32     1.6422     0.1434     11.45     PASS
    32   1024   32    128      32     0.8958     0.0727     12.32     PASS
    32   2048   32    128      32     2.6300     0.1772     14.85     PASS
    32   3072   32    128      32     3.9538     0.2540     15.57     PASS


64线程:
 Batch    Seq   Hq  Block Threads     CPU ms     GPU ms   CPU/GPU   Checks
    16   1024   32    128      64     0.2797     0.0553      5.05     PASS
    16   2048   32    128      64     0.6614     0.0737      8.97     PASS
    16   3072   32    128      64     1.5656     0.1423     11.00     PASS
    32   1024   32    128      64     0.6992     0.0728      9.60     PASS
    32   2048   32    128      64     2.5361     0.1853     13.68     PASS
    32   3072   32    128      64     3.9802     0.2528     15.75     PASS